449317 302698880, n-15, 0
449317 600682210, n-15, 1
449317 897873571, n-15, 2
449318 196867774, n-15, 3
449318 495610805, n-15, 4
449318 792857186, n-15, 5
449319 92613617, n-15, 6
449319 389626529, n-15, 7
449319 687545854, n-15, 8
449319 985827250, n-15, 9
449320 283336323, n-15, 10
449320 580638738, n-15, 11
449320 879554609, n-15, 12
449321 178410503, n-15, 13
449321 476079433, n-15, 14
449321 773954388, n-15, 15
449322 73477698, n-15, 16
449322 371358471, n-15, 17
449322 668739475, n-15, 18
449322 967592372, n-15, 19
449323 265969881, n-15, 20
449323 563626085, n-15, 21
449323 860920188, n-15, 22
449324 163021030, n-15, 23
449324 461500489, n-15, 24
449324 759174631, n-15, 25
449325 58466435, n-15, 26
449325 355940001, n-15, 27
449325 654357632, n-15, 28
449325 953478478, n-15, 29
449326 252539279, n-15, 30
449326 550877217, n-15, 31
449326 848799999, n-15, 32
449327 148291450, n-15, 33
449327 446186898, n-15, 34
449327 744277534, n-15, 35
449328 44257470, n-15, 36
449328 342693844, n-15, 37
449328 640492237, n-15, 38
449328 938361623, n-15, 39
449329 240670422, n-15, 40
449329 541923240, n-15, 41
449329 844236943, n-15, 42
449330 171936566, n-15, 43
449330 470855223, n-15, 44
449330 771553276, n-15, 45
449331 72598384, n-15, 46
449331 370745919, n-15, 47
449331 668562513, n-15, 48
449331 967574453, n-15, 49
449332 265950542, n-15, 50
449332 564693904, n-15, 51
449332 862499017, n-15, 52
449333 163493142, n-15, 53
449333 461397120, n-15, 54
449333 759656572, n-15, 55
449334 58350606, n-15, 56
449334 356170123, n-15, 57
449334 655577195, n-15, 58
449334 957168920, n-15, 59
449335 258015746, n-15, 60
449335 555877237, n-15, 61
449335 858294744, n-15, 62
449336 158835852, n-15, 63
449336 457400495, n-15, 64
449336 755273017, n-15, 65
449337 54150826, n-15, 66
449337 352465870, n-15, 67
449337 650108306, n-15, 68
449337 948673497, n-15, 69
449338 247080195, n-15, 70
449338 544910702, n-15, 71
449338 842662856, n-15, 72
449339 143216158, n-15, 73
449339 442169145, n-15, 74
449339 740084673, n-15, 75
449340 40539463, n-15, 76
449340 338123745, n-15, 77
449340 637013195, n-15, 78
449340 935911508, n-15, 79
449341 236898548, n-15, 80
449341 534969040, n-15, 81
449341 832973880, n-15, 82
449342 132114934, n-15, 83
449342 429724122, n-15, 84
449342 727455323, n-15, 85
449343 27296682, n-15, 86
449343 325446834, n-15, 87
449343 623404087, n-15, 88
449343 921477326, n-15, 89
449344 220346769, n-15, 90
449344 517955759, n-15, 91
449344 815592880, n-15, 92
449345 114146487, n-15, 93
449345 411970043, n-15, 94
449345 711173376, n-15, 95
449346 15956975, n-15, 96
449346 315307725, n-15, 97
449346 612710962, n-15, 98
449346 911438866, n-15, 99
449347 211858179, n-15, 100
449347 509336060, n-15, 101
449347 807192544, n-15, 102
449348 108170983, n-15, 103
449348 406881056, n-15, 104
449348 709318201, n-15, 105
449349 12714356, n-15, 106
449349 314911046, n-15, 107
449349 634939811, n-15, 108
449349 945550350, n-15, 109
449350 254204812, n-15, 110
449350 567363685, n-15, 111
449350 872540135, n-15, 112
449351 174282812, n-15, 113
449351 485771732, n-15, 114
449351 792902675, n-15, 115
449352 100256930, n-15, 116
449352 405207823, n-15, 117
449352 710538614, n-15, 118
449353 22133056, n-15, 119
449353 340029463, n-15, 120
449353 651063478, n-15, 121
449353 967547206, n-15, 122
449354 278265392, n-15, 123
449354 584327466, n-15, 124
449354 886603750, n-15, 125
449355 187505438, n-15, 126
449355 517869145, n-15, 127
449355 819956855, n-15, 128
449356 118806567, n-15, 129
449356 417406395, n-15, 130
449356 714660369, n-15, 131
449357 14174573, n-15, 132
449357 311772220, n-15, 133
449357 609799078, n-15, 134
449357 907398597, n-15, 135
449358 205858689, n-15, 136
449358 503650125, n-15, 137
449358 801587029, n-15, 138
449359 100864561, n-15, 139
449359 398845603, n-15, 140
449359 703844948, n-15, 141
449360 2999365, n-15, 142
449360 302205202, n-15, 143
449360 601856905, n-15, 144
449360 902457223, n-15, 145
449361 201239695, n-15, 146
449361 499382180, n-15, 147
449361 797567994, n-15, 148
449362 96646440, n-15, 149
449362 394678679, n-15, 150
449362 692971586, n-15, 151
449362 992465170, n-15, 152
449363 298395179, n-15, 153
449363 608111200, n-15, 154
449363 914619711, n-15, 155
449364 222286264, n-15, 156
449364 530011335, n-15, 157
449364 836374760, n-15, 158
449365 145275584, n-15, 159
449365 452038320, n-15, 160
449365 751603249, n-15, 161
449366 52064633, n-15, 162
449366 350293761, n-15, 163
449366 648592087, n-15, 164
449366 946618431, n-15, 165
449367 246846098, n-15, 166
449367 545267866, n-15, 167
449367 843795491, n-15, 168
449368 143715843, n-15, 169
449368 441948666, n-15, 170
449368 740914281, n-15, 171
449369 40367353, n-15, 172
449369 338281332, n-15, 173
449369 636780194, n-15, 174
449369 934527306, n-15, 175
449370 233285099, n-15, 176
449370 531794551, n-15, 177
449370 832150303, n-15, 178
449371 131059592, n-15, 179
449371 429614077, n-15, 180
449371 727291292, n-15, 181
449372 38674705, n-15, 182
449372 344378883, n-15, 183
449372 644264876, n-15, 184
449372 945196339, n-15, 185
449373 246000600, n-15, 186
449373 554256081, n-15, 187
449373 858860685, n-15, 188
449374 164939459, n-15, 189
449374 469292864, n-15, 190
449374 770576875, n-15, 191
449375 70710954, n-15, 192
449375 376282577, n-15, 193
449375 679725202, n-15, 194
449375 984429475, n-15, 195
449376 281579771, n-15, 196
449376 579131105, n-15, 197
449376 876449453, n-15, 198
449377 174392678, n-15, 199
449377 471833929, n-15, 200
449377 768998401, n-15, 201
449378 68118823, n-15, 202
449378 366639681, n-15, 203
449378 664400707, n-15, 204
449378 962242483, n-15, 205
449379 261094452, n-15, 206
449379 558630535, n-15, 207
449379 855584658, n-15, 208
449380 158780890, n-15, 209
449380 457474934, n-15, 210
449380 757283779, n-15, 211
449381 58022930, n-15, 212
449381 357198620, n-15, 213
449381 655187531, n-15, 214
449381 953826094, n-15, 215
449382 251681078, n-15, 216
449382 549659561, n-15, 217
449382 847357380, n-15, 218
449383 148416693, n-15, 219
449383 447079310, n-15, 220
449383 753490637, n-15, 221
449384 59357348, n-15, 222
449384 360133879, n-15, 223
449384 658300100, n-15, 224
449384 956738110, n-15, 225
449385 257680093, n-15, 226
449385 556778183, n-15, 227
449385 858710783, n-15, 228
449386 157784622, n-15, 229
449386 455101423, n-15, 230
449386 752780046, n-15, 231
449387 51766929, n-15, 232
449387 349926144, n-15, 233
449387 648167161, n-15, 234
449387 946221158, n-15, 235
449388 245392943, n-15, 236
449388 544018928, n-15, 237
449388 841957478, n-15, 238
449389 142588593, n-15, 239
449389 441200105, n-15, 240
449389 739175450, n-15, 241
449390 38429074, n-15, 242
449390 336215447, n-15, 243
449390 635963741, n-15, 244
449390 935136113, n-15, 245
449391 234430031, n-15, 246
449391 532189872, n-15, 247
449391 829889768, n-15, 248
449392 129420957, n-15, 249
449392 427504547, n-15, 250
449392 725203483, n-15, 251
449393 25387605, n-15, 252
449393 323088220, n-15, 253
449393 621463467, n-15, 254
449393 919330799, n-15, 255
449394 220607110, n-15, 256
449394 519597778, n-15, 257
449394 817603413, n-15, 258
449395 118979447, n-15, 259
449395 418075390, n-15, 260
449395 717286456, n-15, 261
449396 18352513, n-15, 262
449396 315978360, n-15, 263
449396 615021068, n-15, 264
449396 913169047, n-15, 265
449397 215279924, n-15, 266
449397 513496728, n-15, 267
449397 811103550, n-15, 268
449398 112729471, n-15, 269
449398 411731006, n-15, 270
449398 709373997, n-15, 271
449399 9038552, n-15, 272
449399 308684334, n-15, 273
449399 607303359, n-15, 274
449399 905046520, n-15, 275
449400 206528527, n-15, 276
449400 504346339, n-15, 277
449400 804693855, n-15, 278
449401 105228156, n-15, 279
449401 403553014, n-15, 280
449401 701047459, n-15, 281
449402 873716, n-15, 282
449402 301344042, n-15, 283
449402 599777968, n-15, 284
449402 897378408, n-15, 285
449403 198447908, n-15, 286
449403 495880374, n-15, 287
449403 793731897, n-15, 288
449404 93500271, n-15, 289
449404 391062802, n-15, 290
449404 689026567, n-15, 291
449404 987989400, n-15, 292
449405 294896590, n-15, 293
449405 599298846, n-15, 294
449405 899400458, n-15, 295
449406 197823181, n-15, 296
449406 495515289, n