449063 14519311, n15, 0
449063 14847553, n-15, 0
449063 16166594, n10, 0
449063 16381623, n-10, 0
449063 326764654, n15, 1
449063 328148335, n10, 1
449063 329075053, n-15, 1
449063 355568749, n-10, 1
449063 638148088, n15, 2
449063 639308597, n10, 2
449063 640342397, n-15, 2
449063 666894764, n-10, 2
449063 949834221, n15, 3
449063 950934109, n10, 3
449063 952135965, n-15, 3
449063 979010017, n-10, 3
449064 261661399, n15, 4
449064 262789215, n10, 4
449064 264296885, n-15, 4
449064 291124674, n-10, 4
449064 572858493, n15, 5
449064 573928954, n10, 5
449064 575498272, n-15, 5
449064 602491125, n-10, 5
449064 884581894, n15, 6
449064 886331731, n10, 6
449064 887206834, n-15, 6
449064 914893221, n-10, 6
449065 195702113, n15, 7
449065 197499309, n10, 7
449065 198397723, n-15, 7
449065 227054793, n-10, 7
449065 507518345, n15, 8
449065 509868197, n10, 8
449065 510204714, n-15, 8
449065 538907990, n-10, 8
449065 819427626, n15, 9
449065 822164521, n10, 9
449065 822478390, n-15, 9
449065 851148335, n-10, 9
449066 130535824, n15, 10
449066 133310419, n10, 10
449066 133735261, n-15, 10
449066 162518484, n-10, 10
449066 442381094, n15, 11
449066 445151399, n10, 11
449066 445913454, n-15, 11
449066 474545537, n-10, 11
449066 754398969, n15, 12
449066 757084065, n10, 12
449066 758009200, n-15, 12
449066 786612997, n-10, 12
449067 65512403, n15, 13
449067 68228345, n10, 13
449067 69425139, n-15, 13
449067 97941634, n-10, 13
449067 377481701, n15, 14
449067 380293487, n10, 14
449067 381654558, n-15, 14
449067 410087143, n-10, 14
449067 688624148, n15, 15
449067 691429504, n10, 15
449067 693077568, n-15, 15
449067 721356915, n-10, 15
449068 650593, n15, 16
449068 3489927, n10, 16
449068 5269067, n-15, 16
449068 33604586, n-10, 16
449068 312655875, n15, 17
449068 315750468, n10, 17
449068 317431628, n-15, 17
449068 345829988, n-10, 17
449068 623754191, n15, 18
449068 627015546, n10, 18
449068 628699893, n-15, 18
449068 657007635, n-10, 18
449068 935804924, n15, 19
449068 939243725, n10, 19
449068 940935397, n-15, 19
449068 969478257, n-10, 19
449069 247910582, n15, 20
449069 251463095, n10, 20
449069 253206964, n-15, 20
449069 281782224, n-10, 20
449069 559081361, n15, 21
449069 562726665, n10, 21
449069 564486223, n-15, 21
449069 592962896, n-10, 21
449069 871169698, n15, 22
449069 874971859, n10, 22
449069 876747665, n-15, 22
449069 905436018, n-10, 22
449070 182351458, n15, 23
449070 186326529, n10, 23
449070 188044102, n-15, 23
449070 216667141, n-10, 23
449070 494581816, n15, 24
449070 498687185, n10, 24
449070 500578285, n-15, 24
449070 529297110, n-10, 24
449070 806984145, n15, 25
449070 811498677, n10, 25
449070 813376671, n-15, 25
449070 842006861, n-10, 25
449071 118234639, n15, 26
449071 122908447, n10, 26
449071 124771037, n-15, 26
449071 153535019, n-10, 26
449071 430609640, n15, 27
449071 435606125, n10, 27
449071 437304307, n-15, 27
449071 466120395, n-10, 27
449071 742819009, n15, 28
449071 748009294, n10, 28
449071 749704810, n-15, 28
449071 778597570, n-10, 28
449072 54145808, n15, 29
449072 59459903, n10, 29
449072 61140793, n-15, 29
449072 90076081, n-10, 29
449072 366697348, n15, 30
449072 372238033, n10, 30
449072 373864014, n-15, 30
449072 402814191, n-10, 30
449072 678046466, n15, 31
449072 683879207, n10, 31
449072 685324663, n-15, 31
449072 714196483, n-10, 31
449072 990751054, n15, 32
449072 996955222, n10, 32
449072 998043772, n-15, 32
449073 27156639, n-10, 32
449073 303392943, n15, 33
449073 310592221, n10, 33
449073 310735589, n-15, 33
449073 340047156, n-10, 33
449073 614804159, n15, 34
449073 622276729, n-15, 34
449073 622352074, n10, 34
449073 651465165, n-10, 34
449073 927382235, n15, 35
449073 935038422, n-15, 35
449073 935315562, n10, 35
449073 964221658, n-10, 35
449074 239245916, n15, 36
449074 247939460, n-15, 36
449074 248439192, n10, 36
449074 277285954, n-10, 36
449074 551782380, n15, 37
449074 559660253, n-15, 37
449074 560215218, n10, 37
449074 588680657, n-10, 37
449074 864469470, n15, 38
449074 872401901, n-15, 38
449074 873234789, n10, 38
449074 901539459, n-10, 38
449075 176167660, n15, 39
449075 184188428, n-15, 39
449075 185197913, n10, 39
449075 213781910, n-10, 39
449075 489715196, n15, 40
449075 497946736, n-15, 40
449075 498992380, n10, 40
449075 527941378, n-10, 40
449075 803863755, n15, 41
449075 812591398, n-15, 41
449075 813784060, n10, 41
449075 841721499, n-10, 41
449076 116746395, n15, 42
449076 125674641, n-15, 42
449076 128506805, n10, 42
449076 154662424, n-10, 42
449076 439651992, n15, 43
449076 450437828, n-15, 43
449076 452735693, n10, 43
449076 481165618, n-10, 43
449076 753370311, n15, 44
449076 764170453, n-15, 44
449076 766643699, n10, 44
449076 794774071, n-10, 44
449077 66403640, n15, 45
449077 77181487, n-15, 45
449077 79837591, n10, 45
449077 108017367, n-10, 45
449077 380271884, n15, 46
449077 391209175, n-15, 46
449077 394147657, n10, 46
449077 421987927, n-10, 46
449077 693192596, n15, 47
449077 704265767, n-15, 47
449077 707307375, n10, 47
449077 735130926, n-10, 47
449078 7210300, n15, 48
449078 18806535, n-15, 48
449078 21969545, n10, 48
449078 50307036, n-10, 48
449078 322396405, n15, 49
449078 333690485, n-15, 49
449078 337077208, n10, 49
449078 365196557, n-10, 49
449078 634997825, n15, 50
449078 646358085, n-15, 50
449078 649915609, n10, 50
449078 677516870, n-10, 50
449078 948274758, n15, 51
449078 959823504, n-15, 51
449078 963690962, n10, 51
449078 991224068, n-10, 51
449079 265527883, n15, 52
449079 277126262, n-15, 52
449079 281147351, n10, 52
449079 309506140, n-10, 52
449079 578008079, n15, 53
449079 590890174, n-15, 53
449079 595035001, n10, 53
449079 624636468, n-10, 53
449079 900126470, n15, 54
449079 906255078, n-15, 54
449079 910400618, n10, 54
449079 938404372, n-10, 54
449080 214503039, n15, 55
449080 219868292, n-15, 55
449080 224098568, n10, 55
449080 252799857, n-10, 55
449080 529446505, n15, 56
449080 534636543, n-15, 56
449080 538924956, n10, 56
449080 567674142, n-10, 56
449080 852266480, n15, 57
449080 852514575, n-15, 57
449080 856326431, n10, 57
449080 884492603, n-10, 57
449081 167493394, n15, 58
449081 167794754, n-15, 58
449081 171488565, n10, 58
449081 200104029, n-10, 58
449081 482252352, n15, 59
449081 482658553, n-15, 59
449081 486432152, n10, 59
449081 515157756, n-10, 59
449081 796955669, n15, 60
449081 797359063, n-15, 60
449081 801633508, n10, 60
449081 830109905, n-10, 60
449082 110721045, n15, 61
449082 111450303, n-15, 61
449082 115572417, n10, 61
449082 144349108, n-10, 61
449082 425629165, n15, 62
449082 426368369, n-15, 62
449082 430483761, n10, 62
449082 460031023, n-10, 62
449082 739505161, n15, 63
449082 740214933, n-15, 63
449082 744148269, n10, 63
449082 775038993, n-10, 63
449083 55810159, n15, 64
449083 56829441, n-15, 64
449083 60535902, n10, 64
449083 90315472, n-10, 64
449083 369979490, n15, 65
449083 371058387, n-15, 65
449083 374746283, n10, 65
449083 404537216, n-10, 65
449083 682558213, n15, 66
449083 683587485, n-15, 66
449083 687265493, n10, 66
449083 717188392, n-10, 66
449083 999177518, n15, 67
449084 344429, n-15, 67
449084 4143784, n10, 67
449084 35710593, n-10, 67
449084 314542956, n15, 68
449084 315838922, n-15, 68
449084 319438776, n10, 68
449084 350874164, n-10, 68
449084 629097454, n15, 69
449084 630142952, n-15, 69
449084 633617628, n10, 69
449084 664992317, n-10, 69
449084 944314638, n15, 70
449084 945602777, n-15, 70
449084 948944773, n10, 70
449084 980702975, n-10, 70
449085 257789627, n15, 71
449085 258985914, n-15, 71
449085 262443836, n10, 71
449085 295212220, n-10, 71
449085 573762343, n15, 72
449085 574974697, n-15, 72
449085 578682398, n10, 72
449085 610610192, n-10, 72
449085 889873625, n15, 73
449085 891041669, n-15, 73
449085 894486247, n10, 73
449085 926600580, n-10, 73
449086 204740955, n15, 74
449086 206219204, n-15, 74
449086 209498784, n10, 74
449086 241822510, n-10, 74
449086 520247587, n15, 75
449086 521757931, n-15, 75
449086 525224218, n10, 75
449086 557565911, n-10, 75
449086 834760664, n15, 76
449086 836459801, n-15, 76
449086 839649258, n10, 76
449086 872095351, n-10, 76
449087 149031861, n15, 77
449087 150740488, n-15, 77
449087 154046528, n10, 77
449087 186691652, n-10, 77
449087 466810532, n15, 78
449087 468543853, n-15, 78
449087 471941676, n10, 78
449087 506222048, n-10, 78
449087 794779090, n15, 79
449087 796390730, n-15, 79
449087 799852126, n10, 79
449087 834349568, n-10, 79
449088 122713064, n15, 80
449088 124423563, n-15, 80
449088 127935037, n10, 80
449088 162913370, n-10, 80
449088 450659611, n15, 81
449088 452354242, n-15, 81
449088 456062175, n10, 81
449088 490514719, n-10, 81
449088 763890017, n15, 82
449088 765018463, n-15, 82
449088 768576725, n10, 82
449088 802744872, n-10, 82
449089 78268397, n15, 83
449089 79667840, n-15, 83
449089 83137145, n10, 83
449089 117013433, n-10, 83
449089 397260491, n15, 84
449089 398815168, n-15, 84
449089 402580660, n10, 84
449089 436646069, n-10, 84
449089 710551844, n15, 85
449089 712236429, n-15, 85
449089 715863684, n10, 85
449089 749223429, n-10, 85
449090 26226614, n15, 86
449090 28376340, n-15, 86
449090 31764792, n10, 86
449090 65800099, n-10, 86
449090 341776927, n15, 87
449090 344197144, n-15, 87
449090 347381808, n10, 87
449090 381569211, n-10, 87
449090 657152079, n15, 88
449090 659505103, n-15, 88
449090 662444404, n10, 88
449090 696395286, n-10, 88
449090 971964681, n15, 89
449090 974461811, n-15, 89
449090 977553603, n10, 89
449091 11530310, n-10, 89
449091 287212784, n15, 90
449091 290351496, n-15, 90
449091 292864073, n10, 90
449091 326952561, n-10, 90
449091 601557929, n15, 91
449091 604650698, n-15, 91
449091 607271494, n10, 91
449091 640894068, n-10, 91
449091 916683124, n15, 92
449091 920119071, n-15, 92
449091 922309064, n10, 92
449091 955748470, n-10, 92
449092 231909982, n15, 93
449092 237597528, n10, 93
449092 245631160, n-15, 93
449092 273180446, n-10, 93
449092 550791152, n15, 94
449092 557824021, n10, 94
449092 569291015, n-15, 94
449092 590019343, n-10, 94
449092 866816962, n15, 95
449092 873852000, n10, 95
449092 885650816, n-15, 95
449092 906131069, n-10, 95
449093 182524959, n15, 96
449093 189662206, n10, 96
449093 201070650, n-15, 96
449093 222000338, n-10, 96
449093 499168104, n15, 97
449093 511342815, n10, 97
449093 518245462, n-15, 97
449093 538319020, n-10, 97
449093 814263469, n15, 98
449093 826289989, n10, 98
449093 833374582, n-15, 98
449093 853155433, n-10, 98
449094 129058876, n15, 99
449094 141031809, n10, 99
449094 148212950, n-15, 99
449094 168164177, n-10, 99
449094 443997095, n15, 100
449094 456083595, n10, 100
449094 463276284, n-15, 100
449094 483375868, n-10, 100
449094 758804649, n15, 101
449094 770742275, n10, 101
449094 778043825, n-15, 101
449094 798842336, n-10, 101
449095 74910596, n15, 102
449095 86629962, n10, 102
449095 94252978, n-15, 102
449095 114048986, n-10, 102
449095 390485370, n15, 103
449095 402344638, n10, 103
449095 409929886, n-15, 103
449095 430177428, n-10, 103
449095 706488210, n15, 104
449095 718652635, n10, 104
449095 726613767, n-15, 104
449095 749375748, n-10, 104
449096 27243002, n15, 105
449096 40160453, n10, 105
449096 46024989, n-15, 105
449096 66006594, n-10, 105
449096 342666237, n15, 106
449096 355671980, n10, 106
449096 362058477, n-15, 106
449096 382207782, n-10, 106
449096 657549902, n15, 107
449096 670387842, n10, 107
449096 676350069, n-15, 107
449096 696645613, n-10, 107
449096 973065114, n15, 108
449096 985933608, n10, 108
449096 992429595, n-15, 108
449097 13265425, n-10, 108
449097 287006823, n15, 109
449097 300725173, n10, 109
449097 307284500, n-15, 109
449097 327986943, n-10, 109
449097 601739973, n15, 110
449097 615123744, n10, 110
449097 621586126, n-15, 110
449097 642212201, n-10, 110
449097 917432350, n15, 111
449097 931222346, n10, 111
449097 937605611, n-15, 111
449097 958079526, n-10, 111
449098 233794022, n15, 112
449098 247340915, n10, 112
449098 253737891, n-15, 112
449098 274276832, n-10, 112
449098 551673560, n15, 113
449098 565497665, n10, 113
449098 571752230, n-15, 113
449098 592341159, n-10, 113
449098 868291808, n15, 114
449098 881679767, n10, 114
449098 888509826, n-15, 114
449098 908464308, n-10, 114
449099 183767271, n15, 115
449099 197435415, n10, 115
449099 204280460, n-15, 115
449099 225025452, n-10, 115
449099 500507776, n15, 116
449099 515256102, n10, 116
449099 522014393, n-15, 116
449099 542701530, n-10, 116
449099 817266033, n15, 117
449099 831654139, n10, 117
449099 838648921, n-15, 117
449099 858721253, n-10, 117
449100 133070883, n15, 118
449100 147463093, n10, 118
449100 154984901, n-15, 118
449100 174785307, n-10, 118
449100 448220190, n15, 119
449100 462823564, n10, 119
449100 470769060, n-15, 119
449100 490475246, n-10, 119
449100 763849360, n15, 120
449100 778692424, n10, 120
449100 786864320, n-15, 120
449100 806601852, n-10, 120
449101 80719940, n15, 121
449101 95805977, n10, 121
449101 104492526, n-15, 121
449101 123090731, n-10, 121
449101 396463755, n15, 122
449101 411508677, n10, 122
449101 420738136, n-15, 122
449101 439127954, n-10, 122
449101 711494419, n15, 123
449101 726798571, n10, 123
449101 735835695, n-15, 123
449101 753946927, n-10, 123
449102 27942600, n15, 124
449102 43638387, n10, 124
449102 53678732, n-15, 124
449102 71211061, n-10, 124
449102 344714682, n15, 125
449102 360381023, n10, 125
449102 370806720, n-15, 125
449102 387823598, n-10, 125
449102 660011144, n15, 126
449102 675741246, n10, 126
449102 686332797, n-15, 126
449102 703135037, n-10, 126
449102 976195316, n15, 127
449102 992508527, n10, 127
449103 2986861, n-15, 127
449103 20236400, n-10, 127
449103 291147823, n15, 128
449103 308175546, n10, 128
449103 320222331, n-15, 128
449103 335975175, n-10, 128
449103 606971155, n15, 129
449103 623433653, n10, 129
449103 635389120, n-15, 129
449103 650833813, n-10, 129
449103 922742239, n15, 130
449103 939479459, n10, 130
449103 951662298, n-15, 130
449103 967242907, n-10, 130
449104 238263133, n15, 131
449104 254881599, n10, 131
449104 267347017, n-15, 131
449104 282756355, n-10, 131
449104 554070744, n15, 132
449104 570968683, n10, 132
449104 583684527, n-15, 132
449104 598730854, n-10, 132
449104 869260995, n15, 133
449104 886201485, n10, 133
449104 899298038, n-15, 133
449104 914256310, n-10, 133
449105 184964745, n15, 134
449105 202060602, n10, 134
449105 216061383, n-15, 134
449105 230550753, n-10, 134
449105 501661255, n15, 135
449105 519205288, n10, 135
449105 533558899, n-15, 135
449105 547498008, n-10, 135
449105 817938767, n15, 136
449105 835829612, n10, 136
449105 849874190, n-15, 136
449105 863713858, n-10, 136
449106 134049359, n15, 137
449106 151733529, n10, 137
449106 165920315, n-15, 137
449106 179530219, n-10, 137
449106 450179924, n15, 138
449106 468308211, n10, 138
449106 482298076, n-15, 138
449106 495937043, n-10, 138
449106 764873928, n15, 139
449106 782910388, n10, 139
449106 796843575, n-15, 139
449106 810949059, n-10, 139
449107 81512353, n15, 140
449107 99696210, n10, 140
449107 114335305, n-15, 140
449107 127922810, n-10, 140
449107 397751231, n15, 141
449107 416068707, n10, 141
449107 430851204, n-15, 141
449107 444144245, n-10, 141
449107 722743466, n15, 142
449107 741780675, n10, 142
449107 756753900, n-15, 142
449107 770669618, n-10, 142
449108 50725007, n15, 143
449108 70022718, n10, 143
449108 85145600, n-15, 143
449108 99123978, n-10, 143
449108 378655938, n15, 144
449108 398113031, n10, 144
449108 413340271, n-15, 144
449108 427183575, n-10, 144
449108 696526159, n15, 145
449108 714841586, n10, 145
449108 729145008, n-15, 145
449108 742330489, n-10, 145
449109 11426302, n15, 146
449109 30380422, n10, 146
449109 45156908, n-15, 146
449109 58598449, n-10, 146
449109 327284534, n15, 147
449109 346544387, n10, 147
449109 361635292, n-15, 147
449109 374874022, n-10, 147
449109 648449479, n15, 148
449109 668105523, n10, 148
449109 683452783, n-15, 148
449109 697383249, n-10, 148
449109 976383866, n15, 149
449109 996207910, n10, 149
449110 11774664, n-15, 149
449110 25886433, n-10, 149
449110 304285735, n15, 150
449110 324334418, n10, 150
449110 340138624, n-15, 150
449110 353940290, n-10, 150
449110 625915331, n15, 151
449110 645287360, n10, 151
449110 659944480, n-15, 151
449110 673024665, n-10, 151
449110 940658451, n15, 152
449110 960610039, n10, 152
449110 975603079, n-15, 152
449110 988734114, n-10, 152
449111 255774350, n15, 153
449111 275683610, n10, 153
449111 290601369